[[1, (654, 641), (866, 648), (877, 629), (866, 621),
     (854, 653), (877, 642), (877, 616), (855, 626)],
 [0, (912, 625), (924, 631), (934, 613), (923, 606),
     (913, 636), (935, 626), (934, 601), (911, 612)],
 [1, (745, 638), (756, 646), (771, 625), (759, 616),
     (744, 653), (768, 641), (772, 610), (744, 624)],
 [0, (681, 624), (706, 627), (722, 605), (696, 602),
     (686, 637), (725, 618), (717, 592), (674, 613)],
 [1, (1163, 639), (1176, 643), (1179, 629), (1167, 625),
     (1168, 648), (1183, 639), (1175, 620), (1159, 629)]]
